<?xml version="1.0"?>
<opencv_storage>
<calibration_time>"Sat 27 Oct 2018 10:40:17 PM EDT"</calibration_time>
<nr_of_frames>70</nr_of_frames>
<image_width>1280</image_width>
<image_height>720</image_height>
<board_width>11</board_width>
<board_height>9</board_height>
<square_size>5000.</square_size>
<fix_aspect_ratio>1.</fix_aspect_ratio>
<!-- flags: +fix_aspectRatio +fix_k5 -->
<flags>4098</flags>
<fisheye_model>0</fisheye_model>
<camera_matrix type_id="opencv-matrix">
  <rows>3</rows>
  <cols>3</cols>
  <dt>d</dt>
  <data>
    1.0791444631589404e+03 0. 6.3812971703269079e+02 0.
    1.0791444631589404e+03 3.6219072587139993e+02 0. 0. 1.</data></camera_matrix>
<distortion_coefficients type_id="opencv-matrix">
  <rows>5</rows>
  <cols>1</cols>
  <dt>d</dt>
  <data>
    1.8811514582201716e-01 -6.4818445573167627e-01
    -2.0548718645270157e-03 7.9156185824521327e-04
    5.8898894037265548e-01</data></distortion_coefficients>
<avg_reprojection_error>7.8325889278283944e-01</avg_reprojection_error>
<per_view_reprojection_errors type_id="opencv-matrix">
  <rows>70</rows>
  <cols>1</cols>
  <dt>f</dt>
  <data>
    4.25590485e-01 4.63309348e-01 2.62405694e-01 2.40830946e+00
    2.61453509e-01 9.24476147e-01 3.18835288e-01 2.55407900e-01
    1.06737649e+00 7.32261062e-01 3.78715605e-01 2.95957118e-01
    2.11132780e-01 3.42347443e-01 2.31046215e-01 4.68332231e-01
    5.56134939e-01 7.76720226e-01 3.49681377e-01 5.23299754e-01
    5.71576357e-01 2.99199104e-01 2.22799152e-01 1.24036384e+00
    1.59672320e+00 9.06073630e-01 6.51021779e-01 1.31984159e-01
    1.23080149e-01 6.41183734e-01 4.60142106e-01 1.88191965e-01
    4.12449211e-01 9.01899219e-01 4.03354764e-01 3.42641741e-01
    1.59284008e+00 1.02618277e+00 3.69357049e-01 2.21896023e-01
    3.98302346e-01 7.06346989e-01 1.23045728e-01 1.64772898e-01
    7.40908504e-01 1.08596015e+00 4.86208946e-01 2.61835426e-01
    5.32507181e-01 1.86946049e-01 3.43743831e-01 1.09317803e+00
    2.28107423e-01 1.89194828e-01 7.49519646e-01 5.18629730e-01
    9.68187153e-02 5.54162204e-01 9.89074707e-01 6.72165930e-01
    1.69958323e-01 2.93009073e-01 8.95196557e-01 3.43329072e+00
    1.28816888e-01 2.11426497e-01 5.99699140e-01 3.84233534e-01
    1.16905831e-01 3.09272826e-01</data></per_view_reprojection_errors>
<!-- a set of 6-tuples (rotation vector + translation vector) for each view -->
<extrinsic_parameters type_id="opencv-matrix">
  <rows>70</rows>
  <cols>6</cols>
  <dt>d</dt>
  <data>
    6.7155270893952873e-02 -1.8356754738990810e-01
    6.8939712224985641e-02 -3.6040843447568288e+04
    -2.6491168364976107e+04 9.8220086011153733e+04
    5.2144484460144309e-02 -1.9766619463968746e-01
    4.7347193140798279e-02 -3.4676787702309113e+04
    -2.1881013949668057e+04 8.7199365247286696e+04
    4.7383049952747142e-02 -1.9861831459411353e-01
    4.7843300083977316e-02 -3.4324556554976087e+04
    -2.1247799871649637e+04 8.7666381878425571e+04
    6.0563157288117141e-02 -1.2067199567989101e-01
    3.7065566275252537e-02 -2.6521341827641354e+04
    -2.3372831422693056e+04 9.0815576074114855e+04
    8.9990023546914447e-02 -5.6651533365160954e-02
    3.0665597570588468e-02 -1.9883458714938180e+04
    -2.2917927904064945e+04 9.2902414899949537e+04
    7.2928913795182571e-02 1.6316893649291784e-03 3.3062564041224721e-02
    -1.4266716413884733e+04 -2.1383551195004191e+04
    9.8284224215491442e+04 8.3946613635638601e-02 4.5563303984545139e-02
    3.7596141893514713e-02 -6.6249115949100087e+03
    -2.2741406041488292e+04 1.0159045111491653e+05
    9.0577373290034666e-02 3.5485261873719150e-02 4.7153497388909664e-02
    -7.1242476593348820e+03 -2.1668080421561375e+04
    1.0219760747478805e+05 1.5204591178041205e-01
    -1.4471869126029069e-02 3.7790930914932200e-02
    -1.3448771052296916e+04 -2.3889070186939374e+04
    1.0976191717450727e+05 1.8718539749653129e-01
    -5.8711031393291709e-02 1.6885639765430786e-02
    -2.3504400291785274e+04 -2.3139962141368778e+04
    1.1772853401159032e+05 2.0056540847068119e-01
    -9.7777351243799659e-02 1.8463209218636513e-02
    -2.7958882588886219e+04 -2.3380477217816791e+04
    1.1484821160049930e+05 2.8636019809244750e-01
    -8.7527790474520695e-02 1.8035192071905095e-02
    -2.6839156543201476e+04 -2.6849618058125732e+04
    1.0630011495132033e+05 2.9824955159448652e-01
    -1.0342013148449611e-01 2.4496793896714780e-03
    -2.8062661133197435e+04 -2.3160941665256338e+04
    9.9144328369732786e+04 2.9866545672468675e-01
    -1.0367978456140628e-01 1.6000968861228421e-03
    -2.7664376002643967e+04 -2.1623727470958151e+04
    9.8230558312477908e+04 2.7412220099589418e-01
    -9.3938086313676630e-02 1.7386000744325114e-02
    -2.7042242888266828e+04 -2.1257160953065049e+04
    1.0054842358083732e+05 1.5071478181029846e-01
    -1.0398793516584467e-01 3.9132899040235432e-02
    -2.6529668030456349e+04 -1.7339936776948340e+04
    1.0355831135977457e+05 5.7501500847652091e-02
    -8.8077790007274406e-02 2.3638518000366673e-02
    -3.0029605267626099e+04 -1.7900028982797448e+04
    1.0171695979529896e+05 -4.2184009139343781e-02
    -8.3220104169606873e-02 2.2631957180252564e-02
    -3.2925762059472574e+04 -1.1513063909728171e+04
    9.9068870730482537e+04 -2.8976405387006132e-02
    -7.3919199314410489e-02 2.2132145290766278e-02
    -3.2090480859073130e+04 -2.0908095894495014e+04
    9.4686627204289034e+04 -6.8915139037831669e-02
    -8.0114146583197030e-02 3.6345352374178429e-02
    -3.2563122616120636e+04 -2.0654595684453274e+04
    9.3233141341016919e+04 -5.7378146654372325e-02
    -8.0355924408841164e-02 3.8479531551416160e-02
    -3.3113424576544450e+04 -2.2895895791644238e+04
    9.1503033431834716e+04 -4.4160727468682555e-02
    -1.8132860467499265e-01 4.8620127227961878e-02
    -4.1034099362099267e+04 -2.3715680716620529e+04
    8.6422984084253752e+04 -2.2749956512279127e-02
    -2.0064010698168561e-01 4.1094252496995477e-02
    -3.6094110432692221e+04 -2.4008485561617854e+04
    8.5654433775417870e+04 -1.6926811615902832e-02
    -1.9424675527794219e-01 3.6576350599175897e-02
    -3.4228979069954999e+04 -2.3335059492493576e+04
    8.6803862798681992e+04 3.5829247867184992e-02
    -6.6288865723108298e-02 7.7995039814033563e-03
    -1.4050406876557248e+04 -2.4607192237809701e+04
    1.0143095642574345e+05 6.7869246865901484e-02
    -2.4680025232804260e-02 4.3801466128473576e-02
    1.0897362054493192e+02 -2.9919180304317728e+04
    1.2175475528492020e+05 2.6862868329584462e-02 3.8027108278340369e-02
    7.8343352086161958e-02 1.3911631811784213e+04
    -2.5596865317711046e+04 1.3387604630966164e+05
    6.0751929689069221e-02 5.7142665255456450e-02 7.2067084658775399e-02
    2.0201368750068632e+04 -2.6843626900149909e+04
    1.3409197700554391e+05 5.3025259957240854e-02 4.2162106929404537e-02
    7.2520913894882494e-02 1.7930583400636006e+04
    -2.4835319926419386e+04 1.3432997360718125e+05
    -2.4717707756694279e-02 1.6569281678411953e-02
    4.0547779518223886e-02 7.8554478074940407e+03
    -1.1317547850647288e+04 1.3476552502158267e+05
    -3.2812778069763140e-02 3.5742915458665543e-02
    4.2895647852797453e-02 -1.5460435357712593e+03
    -1.6892180920548290e+04 1.3397404881099594e+05
    -7.0277652821542164e-02 8.2664823787526685e-03
    4.2827459372287144e-02 -6.0278607266444424e+03
    -1.2090434207808890e+04 1.3314541565684709e+05
    -6.0245761592429642e-02 1.4875087535161272e-02
    4.1912444973196572e-02 -7.4617351891963099e+03
    -1.2226987763297660e+04 1.3398579770565653e+05
    2.5086028209605565e-02 -9.3757624417666954e-03
    3.5321961318508968e-02 -1.7733251693329930e+04
    -1.9628732915096803e+04 1.3280340890905724e+05
    4.5286414874346502e-02 -3.0528817388035707e-02
    2.3950883303101779e-02 -3.0140808781092161e+04
    -2.3218133170922407e+04 1.2985120521195089e+05
    2.3831570324163314e-02 -2.7174733139868609e-02
    2.4916249076803638e-02 -3.0794461172704971e+04
    -1.9446210090435776e+04 1.3145117391247279e+05
