<?xml version="1.0"?>
<opencv_storage>
<calibration_time>"Sat 27 Oct 2018 10:14:00 PM EDT"</calibration_time>
<nr_of_frames>70</nr_of_frames>
<image_width>1280</image_width>
<image_height>720</image_height>
<board_width>11</board_width>
<board_height>9</board_height>
<square_size>50.</square_size>
<fix_aspect_ratio>1.</fix_aspect_ratio>
<!-- flags: +fix_aspectRatio +fix_k1 +fix_k2 +fix_k3 +fix_k4 +fix_k5 -->
<flags>6370</flags>
<fisheye_model>0</fisheye_model>
<camera_matrix type_id="opencv-matrix">
  <rows>3</rows>
  <cols>3</cols>
  <dt>d</dt>
  <data>
    1.0708177752207471e+03 0. 6.6325831579942189e+02 0.
    1.0708177752207471e+03 3.7098047838178928e+02 0. 0. 1.</data></camera_matrix>
<distortion_coefficients type_id="opencv-matrix">
  <rows>5</rows>
  <cols>1</cols>
  <dt>d</dt>
  <data>
    0. 0. -1.7053671494279604e-03 3.3869121895760635e-04 0.</data></distortion_coefficients>
<avg_reprojection_error>1.0337846169333771e+00</avg_reprojection_error>
<per_view_reprojection_errors type_id="opencv-matrix">
  <rows>70</rows>
  <cols>1</cols>
  <dt>f</dt>
  <data>
    3.59415293e-01 3.09909910e-01 3.53677869e-01 4.20952499e-01
    3.05182964e-01 6.02175593e-01 4.29479808e-01 5.09270012e-01
    8.06984007e-01 1.03205085e+00 9.44909155e-01 8.00565898e-01
    4.87815440e-01 4.43992615e-01 6.35556698e-01 5.85950017e-01
    5.03335118e-01 6.94857001e-01 7.72700131e-01 6.36907399e-01
    1.45756567e+00 1.86360669e+00 1.15123224e+00 1.49682891e+00
    1.31928265e+00 9.93584216e-01 1.27571225e+00 1.33112288e+00
    7.95387566e-01 6.25661731e-01 7.67533362e-01 5.94117522e-01
    5.23311853e-01 5.85161567e-01 7.13213921e-01 5.80001354e-01
    6.67754471e-01 5.83353221e-01 5.67771077e-01 7.92209387e-01
    1.28239381e+00 2.16118646e+00 2.67304587e+00 3.44508958e+00
    2.30696344e+00 1.34784830e+00 1.07049990e+00 8.81949246e-01
    7.43233025e-01 7.37023592e-01 7.25012839e-01 7.27021277e-01
    7.66432524e-01 7.27305114e-01 7.24975586e-01 7.75576770e-01
    9.30497348e-01 9.93486762e-01 1.03783345e+00 7.47067750e-01
    7.12482035e-01 6.03128314e-01 5.56599736e-01 5.42375803e-01
    5.28067529e-01 5.72973490e-01 6.53166473e-01 7.53177047e-01
    9.29899216e-01 7.36936390e-01</data></per_view_reprojection_errors>
<!-- a set of 6-tuples (rotation vector + translation vector) for each view -->
<extrinsic_parameters type_id="opencv-matrix">
  <rows>70</rows>
  <cols>6</cols>
  <dt>d</dt>
  <data>
    5.1995684911919478e-02 -2.4391300294855633e-01
    3.1122424231516076e-02 -4.8063439128644859e+02
    -2.4537485930120852e+02 1.3676026749924004e+03
    5.0921536661464803e-02 -2.4353637879858872e-01
    3.0927972139383201e-02 -4.8298490404452713e+02
    -2.4729801489630952e+02 1.3662378359544909e+03
    5.3020105697683451e-02 -2.4270116348550658e-01
    3.2144390727204805e-02 -4.8368213003694729e+02
    -2.5036444318210152e+02 1.3647277285898672e+03
    5.6074676416610666e-02 -2.4344434707024726e-01
    3.3342121917184553e-02 -4.8338130319869651e+02
    -2.5550997213477993e+02 1.3591338142141444e+03
    5.6289791328182744e-02 -2.4449367454040327e-01
    3.1608336714118709e-02 -4.8301371039173182e+02
    -2.6108382008094310e+02 1.3486046650549386e+03
    6.3080109602896159e-02 -2.5801284077630954e-01
    3.1354419457072236e-02 -4.8646787539865250e+02
    -2.5733758691802103e+02 1.3288235476727402e+03
    5.7979569737316161e-02 -2.6436662705280550e-01
    2.8594553472890059e-02 -5.0089516785875344e+02
    -2.5004647394695138e+02 1.3130038049583975e+03
    5.4344923681514758e-02 -2.6493244321399667e-01
    2.7592728690323389e-02 -5.0418988047438825e+02
    -2.4109408716008437e+02 1.3004669818730183e+03
    6.4199339826985058e-02 -2.5248823139405913e-01
    2.8007038313923666e-02 -5.0504971883289181e+02
    -2.5523645806855330e+02 1.2755034251200561e+03
    8.0064943974437877e-02 -2.3588539410035694e-01
    2.7711101599913478e-02 -4.8376222273442477e+02
    -2.7676756450248826e+02 1.2479518729800272e+03
    9.6855344060618673e-02 -2.2134793209240800e-01
    3.3613102765357408e-02 -4.6113554766500903e+02
    -2.9435245548506117e+02 1.2207892402130219e+03
    9.7121980409093700e-02 -2.1911424135543814e-01
    3.4626698370093446e-02 -4.4690440106853157e+02
    -2.9953907635323816e+02 1.2045153201665494e+03
    9.8872193394206484e-02 -2.1145990420898278e-01
    4.2421248186472249e-02 -4.2749730249313950e+02
    -2.9800446270622052e+02 1.1763266590796682e+03
    1.0407189289803283e-01 -2.0868595165900269e-01
    4.7733629388599590e-02 -4.1027343216860544e+02
    -2.9950289264701598e+02 1.1451755564787961e+03
    9.1353818749635510e-02 -2.1536406825664875e-01
    4.9930372124283168e-02 -4.0650746868697161e+02
    -2.7950736351731928e+02 1.1154439387080911e+03
    8.2470713019449304e-02 -2.1365849266582573e-01
    5.2698070075340227e-02 -4.0293776951846405e+02
    -2.6588634919956644e+02 1.0907076119231133e+03
    7.4513263253086548e-02 -2.1118777283216550e-01
    5.8381332146533196e-02 -3.9818034866413234e+02
    -2.5319329913008247e+02 1.0689737669032158e+03
    7.1730320874138803e-02 -2.0700193677507611e-01
    6.4759528949833722e-02 -3.9521991565288408e+02
    -2.5262151486108300e+02 1.0395640576747755e+03
    7.4424270193156672e-02 -2.0434040059539385e-01
    6.8513760427530782e-02 -3.8789234201558492e+02
    -2.6320998719928758e+02 1.0002051379914487e+03
    7.5359251286598927e-02 -2.0902399530720217e-01
    6.8951170669060910e-02 -3.8265123005632768e+02
    -2.7270762922608878e+02 9.5776356587793077e+02
    7.9080592125148980e-02 -2.0465696147063533e-01
    6.6595976799889448e-02 -3.8104240378327262e+02
    -2.8032758173869172e+02 9.2783861474915352e+02
    8.1931581760142994e-02 -2.0078623479167573e-01
    6.6021799227728883e-02 -3.8038845686188989e+02
    -2.9285472698558590e+02 9.1221802185821161e+02
    9.1047814772723029e-02 -2.1179909425695231e-01
    6.8428757739662727e-02 -3.7963153326697773e+02
    -3.0014046628477217e+02 8.8680451293786825e+02
    7.8152393292683184e-02 -2.3484243049063497e-01
    6.0508625023160408e-02 -3.6581283512157313e+02
    -2.7279674060986207e+02 8.2160748498698547e+02
    7.3505271423997307e-02 -2.3478106267660387e-01
    5.7172656898026385e-02 -3.6544164152024160e+02
    -2.6428168910796620e+02 8.2173070082360755e+02
    7.1525947917087412e-02 -2.3207132288689211e-01
    5.3321113823206284e-02 -3.6507054129559316e+02
    -2.5709077096058968e+02 8.2448162627385511e+02
    6.4895532246854640e-02 -2.2995230852034304e-01
    4.7165955473085296e-02 -3.6287725106254862e+02
    -2.4562582948786985e+02 8.2908176275003348e+02
    6.0338219807378454e-02 -2.2943879945413811e-01
    4.5229004222137908e-02 -3.6352082773547363e+02
    -2.3736980347038255e+02 8.3303080558760371e+02
    5.3332144758458294e-02 -2.2260973626364070e-01
    4.3522175864669249e-02 -3.6505338986056756e+02
    -2.2782811266378789e+02 8.4429587631457366e+02
    5.3075879002593265e-02 -2.1860415953941811e-01
    4.4698470731117733e-02 -3.6601381498107349e+02
    -2.2320395892375603e+02 8.5114533463281350e+02
    5.2647815270560561e-02 -2.2312686430915316e-01
    4.8118017544461759e-02 -3.6831888454944789e+02
    -2.2730849610015071e+02 8.4876502703874371e+02
    5.0241444764891029e-02 -2.2411349822446969e-01
    4.7827151809613881e-02 -3.6897177279509361e+02
    -2.2496526958561529e+02 8.4784700956391282e+02
    5.2321862688778982e-02 -2.2169617693497631e-01
    4.6871139995035782e-02 -3.6880444547378988e+02
    -2.2590721863388441e+02 8.4836303232603768e+02
    5.2534437914298036e-02 -2.2115738626153750e-01
    4.6237780202739762e-02 -3.6689531517668291e+02
    -2.2580973536445120e+02 8.4962698255656585e+02
    5.1260513160695277e-02 -2.2245548033793019e-01
    4.6409588091570600e-02 -3.6557450830315190e+02
    -2.2369042356672807e+02 8.5056491866506792e+02
    4.9464597842930495e-02 -2.2058557519082678e-01
    4.7152693006888000e-02 -3.6460471862393729e+02
    -2.2035382476459094e+02 8.5452726778203112e+02
    4.9027155831374215e-02 -2.2059577123310176e-01
