<?xml version="1.0"?>
<opencv_storage>
<calibration_time>"Sat 27 Oct 2018 10:23:14 PM EDT"</calibration_time>
<nr_of_frames>70</nr_of_frames>
<image_width>1280</image_width>
<image_height>720</image_height>
<board_width>11</board_width>
<board_height>9</board_height>
<square_size>50.</square_size>
<fix_aspect_ratio>1.</fix_aspect_ratio>
<!-- flags: +fix_aspectRatio -->
<flags>2</flags>
<fisheye_model>0</fisheye_model>
<camera_matrix type_id="opencv-matrix">
  <rows>3</rows>
  <cols>3</cols>
  <dt>d</dt>
  <data>
    1.1183632938520248e+03 0. 6.2941990577037961e+02 0.
    1.1183632938520248e+03 3.7287068591419751e+02 0. 0. 1.</data></camera_matrix>
<distortion_coefficients type_id="opencv-matrix">
  <rows>5</rows>
  <cols>1</cols>
  <dt>d</dt>
  <data>
    2.1543771911219303e-01 -7.9905354653267791e-01
    1.1009241954954116e-03 -1.5997536604238163e-03
    8.0477906082905681e-01</data></distortion_coefficients>
<avg_reprojection_error>1.2363801964278143e+00</avg_reprojection_error>
<per_view_reprojection_errors type_id="opencv-matrix">
  <rows>70</rows>
  <cols>1</cols>
  <dt>f</dt>
  <data>
    5.59587300e-01 9.13072765e-01 3.52157384e-01 3.56032073e-01
    1.13356805e+00 4.61284459e-01 9.10001159e-01 3.15833211e-01
    1.85801968e-01 6.39583588e-01 7.35787570e-01 3.60423267e-01
    3.70156497e-01 3.85776848e-01 2.58015811e-01 3.46477836e-01
    2.41028488e-01 3.48872334e-01 4.07751054e-01 1.78502783e-01
    4.57366616e-01 2.98314124e-01 1.64731145e-01 2.32987976e+00
    5.59612393e-01 2.33879864e-01 2.88737273e+00 7.20649004e-01
    8.82364035e-01 5.41093409e-01 1.29144832e-01 1.16226904e-01
    7.60786533e+00 8.60901356e-01 3.27700615e-01 1.48286194e-01
    4.84136879e-01 1.17872727e+00 2.61625767e-01 3.36416900e-01
    1.33351278e+00 7.87601173e-01 6.57184780e-01 1.92009270e-01
    1.06220834e-01 4.06919599e-01 2.91329652e-01 1.71157807e-01
    1.78974181e-01 8.17546368e-01 1.00220215e+00 9.95050013e-01
    3.48547965e-01 3.95150751e-01 6.52896762e-01 1.37549490e-01
    1.23031068e+00 2.50359148e-01 1.58986107e-01 8.75855386e-01
    5.18450677e-01 2.28774264e-01 3.07261974e-01 3.70194244e+00
    6.26677930e-01 2.10297093e-01 1.88302323e-01 3.64734560e-01
    9.37070012e-01 1.81174383e-01</data></per_view_reprojection_errors>
<!-- a set of 6-tuples (rotation vector + translation vector) for each view -->
<extrinsic_parameters type_id="opencv-matrix">
  <rows>70</rows>
  <cols>6</cols>
  <dt>d</dt>
  <data>
    7.3832248267685530e-02 -1.7637683730673165e-01
    6.4097679978206590e-02 -3.6221822438100355e+02
    -2.5482049363902269e+02 1.1048591460864934e+03
    6.6374002447069841e-02 -2.1059742085782562e-01
    4.6556964642426424e-02 -3.3573270039835802e+02
    -2.4734034029487049e+02 8.8141431657017256e+02
    5.7630350605136292e-02 -1.9870820027538566e-01
    4.6469925860222465e-02 -3.4129146424210819e+02
    -2.2757246532900456e+02 9.0184309030427642e+02
    5.6594741331965896e-02 -1.9508835731244387e-01
    4.8307785841345763e-02 -3.3626767773960790e+02
    -2.2083851209657064e+02 9.1392976805304431e+02
    8.0423420911685070e-02 -1.0420483694517269e-01
    3.6159368077477348e-02 -2.3297310255950876e+02
    -2.4456575458095301e+02 9.4173582417482453e+02
    9.6700969749042534e-02 -4.8133575943734033e-02
    2.8655187279635386e-02 -1.8862222953523406e+02
    -2.3742233973552533e+02 9.6799232775939765e+02
    8.0931474165617315e-02 5.0827680360309791e-03 3.2528364392367011e-02
    -1.3473012044331247e+02 -2.2355484864768627e+02
    1.0184203604699567e+03 9.3424593109903073e-02 5.0214766622306922e-02
    3.7265962744886083e-02 -6.1012672400215124e+01
    -2.3864624867329661e+02 1.0508908559522713e+03
    9.6785153604216495e-02 4.7593173674664778e-02 4.5285581431004952e-02
    -6.0723324916658640e+01 -2.2781433481942918e+02
    1.0596166584111043e+03 1.5622808308013592e-01 1.4391767188056223e-02
    4.2374822489189404e-02 -9.2882922013670267e+01
    -2.4815469635317001e+02 1.1117584581075262e+03
    1.6777109827621056e-01 -3.2978259389986227e-02
    1.5087338802823225e-02 -1.8413550628527074e+02
    -2.3918185283889693e+02 1.2044834806946162e+03
    2.1402682161487827e-01 -8.7977578386036190e-02
    1.8975865368203958e-02 -2.6465750445216639e+02
    -2.6541674792902376e+02 1.2056493700485275e+03
    2.5769170416115239e-01 -7.8207185306650231e-02
    1.3405042794158131e-02 -2.6595705734983545e+02
    -2.5206915768029216e+02 1.1598674817963997e+03
    2.9483781365268436e-01 -9.9915612896694525e-02
    1.4807709015581184e-02 -2.6438482219641384e+02
    -2.7485141013295771e+02 1.0683651139880692e+03
    3.1480863726061753e-01 -9.2892264083071968e-02
    -2.3786006035505084e-03 -2.7151315355702337e+02
    -2.3696242114855457e+02 1.0228177175366252e+03
    3.0526706797434811e-01 -1.0122226506989497e-01
    1.5155904726864820e-03 -2.7087635697095203e+02
    -2.2138287054473741e+02 1.0216694695444860e+03
    2.7747105478581319e-01 -9.1264016883529323e-02
    1.8510062465422146e-02 -2.5841235136474563e+02
    -2.2653497369126944e+02 1.0450532855758825e+03
    1.6133569582919041e-01 -1.0140539163350648e-01
    3.8110425612736878e-02 -2.5673576511213486e+02
    -1.8359060784724653e+02 1.0740910070323928e+03
    8.7336790334163236e-02 -8.7761513434028479e-02
    2.5799252395621138e-02 -2.9218767423847441e+02
    -1.8893767774328057e+02 1.0576027688259578e+03
    -3.8073532512347061e-02 -8.8420013746676393e-02
    2.3674506849415022e-02 -3.2422771527564851e+02
    -1.1983823708981794e+02 1.0293304262946067e+03
    -2.2834154836143396e-02 -6.9760173333517861e-02
    2.1962478353652847e-02 -3.1117069870768489e+02
    -2.0814981528161599e+02 9.9530601770681187e+02
    -5.6921637814964642e-02 -7.0121454470572137e-02
    3.3185745949643512e-02 -3.1441932266251104e+02
    -2.0526859929163203e+02 9.7575635172733530e+02
    -5.0838949825360608e-02 -7.2506574942965196e-02
    3.5706946037359050e-02 -3.1534043872705831e+02
    -2.3908455971976957e+02 9.5173599805046695e+02
    -5.5128604399684575e-02 -1.2605262688688756e-01
    4.7301957555288265e-02 -3.8471504197046511e+02
    -2.3908638406020901e+02 9.1915582214016933e+02
    -1.9419007037622334e-02 -1.9606943384372369e-01
    4.4392038210342738e-02 -3.9038468823577728e+02
    -2.5025813255207703e+02 8.8511616440512023e+02
    -1.4853971523826521e-02 -1.9835515242201204e-01
    4.1616323262722056e-02 -3.4868355555957510e+02
    -2.4920951514080056e+02 8.8820133474113527e+02
    -2.6844546086797393e-02 -1.8526374347144750e-01
    2.6918761870005359e-02 -3.1045557779761043e+02
    -2.3947333596883482e+02 9.1795505645697222e+02
    5.4175175621098581e-02 -5.9373230095560031e-02
    9.0751529746686786e-03 -1.2072350209890780e+02
    -2.5731057023781182e+02 1.0678262914276156e+03
    7.7900208867136028e-02 -2.0062727102562704e-02
    4.2902167597580934e-02 1.0878649122519581e+01
    -3.1119499378522511e+02 1.2609785148128303e+03
    4.1643872381183666e-02 4.8866954488596605e-02 7.7798997327509695e-02
    1.3717948912470339e+02 -2.6891960779628516e+02
    1.3866525342130105e+03 6.9091691239348302e-02 6.9431071458674942e-02
    6.8692962978582808e-02 2.1074341295202208e+02
    -2.8180193131175213e+02 1.3912600750547842e+03
    6.4934406394638433e-02 5.5448916376410633e-02 7.0459245938116963e-02
    1.9628992962017139e+02 -2.6642365151534341e+02
    1.3897437968905601e+03 4.1562518514785846e-02 3.1915953137231930e-03
    4.3154663446730954e-02 1.4335686581268592e+02
    -1.9803029403025181e+02 1.3693340190935046e+03
    -4.7107461696049180e-02 6.4029774951739435e-02
    3.6154958263914995e-02 3.7136334263862167e+01
    -1.3366631554463268e+02 1.4165870400181532e+03
    -4.1185399488829183e-02 1.2450500926464896e-02
    4.3768987036523044e-02 -3.6293330008994552e+01
    -1.7635748614324487e+02 1.3729117542444740e+03
    -6.7566600545393540e-02 9.4445503635471433e-03
    4.5578743465693468e-02 -5.2773859173841629e+01
    -1.2974139933853994e+02 1.3830658103559756e+03
    -2.6830226598277357e-02 2.3428566600230238e-02
