<?xml version="1.0"?>
<opencv_storage>
<calibration_time>"Sat 27 Oct 2018 10:05:38 PM EDT"</calibration_time>
<nr_of_frames>70</nr_of_frames>
<image_width>1280</image_width>
<image_height>720</image_height>
<board_width>11</board_width>
<board_height>9</board_height>
<square_size>50.</square_size>
<fix_aspect_ratio>1.</fix_aspect_ratio>
<!-- flags: +fix_aspectRatio -->
<flags>2</flags>
<fisheye_model>0</fisheye_model>
<camera_matrix type_id="opencv-matrix">
  <rows>3</rows>
  <cols>3</cols>
  <dt>d</dt>
  <data>
    1.0817998887819808e+03 0. 6.2198781323848084e+02 0.
    1.0817998887819808e+03 3.6720029004843389e+02 0. 0. 1.</data></camera_matrix>
<distortion_coefficients type_id="opencv-matrix">
  <rows>5</rows>
  <cols>1</cols>
  <dt>d</dt>
  <data>
    1.6319551971074908e-01 -5.4471712394632743e-01
    1.9617127503333002e-04 1.7764490799758407e-03 4.2818143350997800e-01</data></distortion_coefficients>
<avg_reprojection_error>5.4892625104432957e-01</avg_reprojection_error>
<per_view_reprojection_errors type_id="opencv-matrix">
  <rows>70</rows>
  <cols>1</cols>
  <dt>f</dt>
  <data>
    1.41765326e-01 2.79291540e-01 4.89531934e-01 6.86496019e-01
    3.54295731e-01 3.49601090e-01 4.35397983e-01 3.81853700e-01
    2.24458009e-01 3.74898493e-01 1.70039207e-01 2.30889618e-01
    1.54180467e-01 3.23473305e-01 2.61898160e-01 4.76049244e-01
    1.31231594e+00 5.44035733e-01 5.98991811e-01 8.35528851e-01
    9.46213126e-01 1.47669196e+00 1.15244746e+00 1.02242684e+00
    4.36009586e-01 3.78621638e-01 2.85295337e-01 2.17520133e-01
    1.62580758e-01 1.47811279e-01 1.04855776e-01 1.16051830e-01
    1.16067402e-01 1.18078753e-01 1.19828343e-01 1.34992450e-01
    1.32645667e-01 1.50243059e-01 1.51084617e-01 1.24369651e-01
    8.58688504e-02 1.18556969e-01 1.29087806e-01 1.78384349e-01
    3.79386425e-01 1.34415781e+00 4.55703437e-01 7.15417087e-01
    2.23636597e-01 1.44444197e-01 2.30405554e-01 2.19577298e-01
    3.14470977e-01 4.52576935e-01 5.49813986e-01 4.30541813e-01
    7.81841755e-01 7.13324785e-01 6.82190418e-01 7.09877312e-01
    4.49215919e-01 1.81745365e-01 3.69185030e-01 8.17113400e-01
    8.71371031e-01 6.96588874e-01 5.65414727e-01 1.38629153e-01
    6.30121946e-01 9.96630847e-01</data></per_view_reprojection_errors>
<!-- a set of 6-tuples (rotation vector + translation vector) for each view -->
<extrinsic_parameters type_id="opencv-matrix">
  <rows>70</rows>
  <cols>6</cols>
  <dt>d</dt>
  <data>
    8.2115951087678385e-02 -2.0056647020840562e-01
    -1.6700663785278919e-02 -1.9827688360233827e+02
    -2.0085614055964189e+02 1.0095997498419571e+03
    7.7370516648156890e-02 -1.9064140023359255e-01
    -1.4843795835846385e-02 -1.9966647154081798e+02
    -2.0027745531175543e+02 1.0191687312282468e+03
    7.9597547216704673e-02 -1.7627644660176242e-01
    -1.3513830487847574e-02 -1.9812894777079845e+02
    -2.0316933025933403e+02 1.0300817244383179e+03
    8.5779549617394119e-02 -1.6122561409318317e-01
    -1.2327777551763645e-02 -1.9558795596440746e+02
    -2.1158657519629250e+02 1.0407231048727747e+03
    9.2850453142250447e-02 -1.5727717436129848e-01
    -1.1426033788237455e-02 -1.9237349971895574e+02
    -2.2199836077512131e+02 1.0448563735766045e+03
    9.6748457843852748e-02 -1.4807294547761896e-01
    -1.0951929633812942e-02 -1.9410322287110387e+02
    -2.2609703648879653e+02 1.0540084976568301e+03
    9.4343795385551349e-02 -1.3608751168176172e-01
    -1.3796727258426674e-02 -1.9234865438177513e+02
    -2.2932712046373166e+02 1.0658929654752644e+03
    1.0280583577104732e-01 -1.2421604476893129e-01
    -1.5926731048753303e-02 -1.9103820139973718e+02
    -2.3263574732926929e+02 1.0761093246274277e+03
    1.1272656379791247e-01 -1.1297744160127447e-01
    -1.5195441076843974e-02 -1.9071542910172127e+02
    -2.3407897068940471e+02 1.0894189710510277e+03
    1.1090237254170004e-01 -1.1602443151192071e-01
    -1.1727848015379037e-02 -1.9517562495500863e+02
    -2.3013860540682563e+02 1.1044578365790458e+03
    1.1099670596859282e-01 -1.0497955083180702e-01
    -9.1133150205020916e-03 -2.0455201673271597e+02
    -2.2607440262671886e+02 1.1302913537106754e+03
    1.1169423638346568e-01 -9.9472228766460821e-02
    -7.3938925246759555e-03 -2.1704655477507697e+02
    -2.2407813510142384e+02 1.1537844428476315e+03
    1.0929220314538898e-01 -8.4412824655345733e-02
    -6.5083176488739940e-03 -2.2530130445898055e+02
    -2.2434437179185898e+02 1.1841921366514084e+03
    1.1863052551091936e-01 -6.7125863179680931e-02
    -5.0996890783305826e-03 -2.3025999386015758e+02
    -2.2839756194150314e+02 1.2147317135553724e+03
    1.2945305635046297e-01 -4.8314094264794522e-02
    -7.4475954468591699e-03 -2.2620434611243959e+02
    -2.3608330303163345e+02 1.2466102901019960e+03
    1.4614612417563511e-01 -5.0702937918906815e-02
    -3.4647163851955973e-03 -2.2928721892320235e+02
    -2.3988950242238874e+02 1.2558402580408765e+03
    2.0948488846333271e-01 -3.1460096582042546e-02
    4.6161018836964199e-03 -2.4730929996155737e+02
    -2.7163018346509915e+02 1.2741558632897797e+03
    1.9862601861428084e-01 -2.8882585960094399e-02
    7.0126633863475379e-03 -2.5646099596606552e+02
    -3.0740951426047201e+02 1.2966742057140852e+03
    2.1462024949472719e-01 -2.0272561497854374e-02
    5.4203220446365826e-03 -2.7875807689193823e+02
    -3.2350258046317538e+02 1.3229186821854448e+03
    1.9337560707416726e-01 -1.2183133802605658e-02
    1.7128456183914038e-03 -3.0809064467046301e+02
    -3.3227111334695394e+02 1.3531396387357111e+03
    1.8047233859427261e-01 -2.0926826453187759e-05
    -2.6007837281364298e-03 -3.5235427367166966e+02
    -3.2615260228472073e+02 1.3878282229703043e+03
    -1.2103418119112962e-02 2.5779523901664886e-01
    -3.1356932104180859e+00 1.2707767640671366e+02
    7.2233134293083552e+01 1.4669569008654548e+03 1.5439839056893975e-01
    1.3325839076275927e-02 -1.1473156959608205e-02
    -4.3089386463208780e+02 -3.0091815793718581e+02
    1.4398259423267921e+03 2.9289566120799020e-02
    -2.4286760282871683e-01 3.1170730428279767e+00
    4.5438767261238013e+01 9.7474702386105761e+01 1.5044195639138920e+03
    5.4590400994567155e-02 -2.7758271305803767e-01
    3.1071662632808223e+00 -1.2451356913805167e+00
    1.1476213963641733e+02 1.5288236207094901e+03 1.8469252737221295e-01
    4.6898972485533770e-02 -2.4486130696483047e-02
    -5.4542020764120991e+02 -2.6050789465954375e+02
    1.5036635662301362e+03 2.0168084543234116e-01 5.3960203801517691e-02
    -2.2297398979047617e-02 -5.7583210561570672e+02
    -2.5768472739665981e+02 1.5286536196672016e+03
    2.0425044103949311e-01 6.6203799886146997e-02
    -1.4800816797396447e-02 -6.0403582891434814e+02
    -2.6346491621126466e+02 1.5430275292506021e+03
    1.3990308107094537e-01 -3.6760859335640661e-01
    3.1064561075176473e+00 -1.0292832153181894e+02
    1.0370562773846773e+02 1.6069951001282482e+03 1.7196728356959243e-01
    -3.7885517200072882e-01 3.1101869277459970e+00
    -1.0517427419741604e+02 9.3148652655398905e+01
    1.6191628495098391e+03 2.3593701031374040e-01 1.3311925186109078e-01
    9.7131206205602221e-04 -6.0474864597374346e+02
    -3.1368033174784790e+02 1.5971731128269555e+03
    2.2988479745687862e-01 1.4385677186175538e-01 5.1213739571124208e-03
    -6.1638811991883790e+02 -3.1275980253460972e+02
    1.6009787728124043e+03 2.5059849982556570e-01 1.5196333138295681e-01
    5.3488420107056650e-03 -6.2638005452822495e+02
    -3.2057422378812225e+02 1.5969291086272560e+03
    2.5322108885137989e-01 1.7287346165735595e-01 7.2353276236266336e-03
    -6.1756404576389411e+02 -3.3076996867162296e+02
    1.6051817924426427e+03 2.5289677063836957e-01 1.8488536018588742e-01
    8.2757548676910195e-03 -6.1102741903524941e+02
    -3.3190976914126924e+02 1.6165299584878874e+03
    -2.9990152499956912e-01 3.7947454127808372e-01
    -3.0954734213492650e+00 -1.1534302919724851e+02
    7.6448362914031705e+01 1.6218403576801575e+03 2.4357247418942904e-01
