<?xml version="1.0"?>
<opencv_storage>
<calibration_time>"Sat 27 Oct 2018 10:45:30 PM EDT"</calibration_time>
<nr_of_frames>75</nr_of_frames>
<image_width>1280</image_width>
<image_height>720</image_height>
<board_width>11</board_width>
<board_height>9</board_height>
<square_size>5000.</square_size>
<fix_aspect_ratio>1.</fix_aspect_ratio>
<!-- flags: +fix_aspectRatio +fix_k5 -->
<flags>4098</flags>
<fisheye_model>0</fisheye_model>
<camera_matrix type_id="opencv-matrix">
  <rows>3</rows>
  <cols>3</cols>
  <dt>d</dt>
  <data>
    1.0796157060674482e+03 0. 6.3823992628242706e+02 0.
    1.0796157060674482e+03 3.6216824886639841e+02 0. 0. 1.</data></camera_matrix>
<distortion_coefficients type_id="opencv-matrix">
  <rows>5</rows>
  <cols>1</cols>
  <dt>d</dt>
  <data>
    1.8775542819716218e-01 -6.4148987257396195e-01
    -2.2583524095474293e-03 8.7966484365056493e-04
    5.7372182253121418e-01</data></distortion_coefficients>
<avg_reprojection_error>7.5765110320706297e-01</avg_reprojection_error>
<per_view_reprojection_errors type_id="opencv-matrix">
  <rows>75</rows>
  <cols>1</cols>
  <dt>f</dt>
  <data>
    4.79122698e-01 2.56515712e-01 2.40334058e+00 2.59990156e-01
    9.29957271e-01 3.29169393e-01 2.53120363e-01 1.06182945e+00
    7.35437393e-01 3.75214010e-01 3.03995371e-01 2.07187265e-01
    3.37341815e-01 2.35199213e-01 4.68386739e-01 5.53135335e-01
    7.69744456e-01 3.51212174e-01 5.20624280e-01 5.79175234e-01
    3.13880891e-01 2.11694837e-01 1.22541285e+00 1.59869623e+00
    9.07789707e-01 6.57363236e-01 1.35609806e-01 1.24602936e-01
    6.39938414e-01 4.55793113e-01 1.93002552e-01 4.08373833e-01
    9.01148319e-01 4.05735731e-01 3.41059208e-01 1.59701049e+00
    1.02258205e+00 3.72856855e-01 2.19081491e-01 3.99393320e-01
    7.10228980e-01 1.21878453e-01 1.63999707e-01 7.40427077e-01
    1.09155595e+00 4.86562818e-01 2.67683715e-01 5.48057437e-01
    1.90556258e-01 3.31334561e-01 1.08669913e+00 2.26403326e-01
    1.90444037e-01 7.49410748e-01 5.23007572e-01 1.00708589e-01
    5.48702657e-01 9.91047382e-01 6.78344071e-01 1.72881275e-01
    2.89992660e-01 8.92090738e-01 3.43454838e+00 1.31674200e-01
    2.03312978e-01 5.96491158e-01 3.83849531e-01 1.15788102e-01
    3.07269186e-01 2.27519244e-01 3.62694561e-01 2.08400577e-01
    1.53501034e-01 1.36803061e-01 1.57295361e-01</data></per_view_reprojection_errors>
<!-- a set of 6-tuples (rotation vector + translation vector) for each view -->
<extrinsic_parameters type_id="opencv-matrix">
  <rows>75</rows>
  <cols>6</cols>
  <dt>d</dt>
  <data>
    5.1800796530378966e-02 -1.9779217429009766e-01
    4.7316448043554615e-02 -3.4687416037146446e+04
    -2.1878157579135517e+04 8.7242913505690740e+04
    4.7057811744050881e-02 -1.9876945566458423e-01
    4.7814867974167084e-02 -3.4334912810587863e+04
    -2.1244885444522715e+04 8.7708551475529195e+04
    6.0118841209832269e-02 -1.2091033394964119e-01
    3.7053938542973945e-02 -2.6531147020427641e+04
    -2.3370802972942383e+04 9.0860987415314550e+04
    8.9576394829418801e-02 -5.6857507194987757e-02
    3.0678582073039314e-02 -1.9892960029633326e+04
    -2.2916274208490020e+04 9.2950845040008600e+04
    7.2419811958305894e-02 1.3598095184307083e-03 3.3096466078478604e-02
    -1.4275943387654432e+04 -2.1382015318848589e+04
    9.8335531688289426e+04 8.3329300768737041e-02 4.5224449905805889e-02
    3.7661099165508152e-02 -6.6333550440796007e+03
    -2.2740251111440542e+04 1.0164795440425034e+05
    9.0009359915252329e-02 3.5195819234225711e-02 4.7214012260529341e-02
    -7.1329532024947130e+03 -2.1666856019789815e+04
    1.0225500737246280e+05 1.5165902619411911e-01
    -1.4565738816455459e-02 3.7822928212582797e-02
    -1.3459607505064507e+04 -2.3887840105340591e+04
    1.0982404308186579e+05 1.8698521855536887e-01
    -5.8844146625687842e-02 1.6895712495128265e-02
    -2.3516718128919641e+04 -2.3137455549681647e+04
    1.1778574159435884e+05 2.0042830151379312e-01
    -9.7967256269283320e-02 1.8467610594449117e-02
    -2.7970753512268631e+04 -2.3377374114384831e+04
    1.1490040508193833e+05 2.8629731169529782e-01
    -8.7671873448795262e-02 1.8045455987784304e-02
    -2.6850376398214761e+04 -2.6846414511457395e+04
    1.0635185685252851e+05 2.9817626453918744e-01
    -1.0359540372025312e-01 2.4595613674743924e-03
    -2.8072931763673671e+04 -2.3157758419675843e+04
    9.9190326445991799e+04 2.9858178677399605e-01
    -1.0385961668720833e-01 1.6109702019056020e-03
    -2.7674489100643892e+04 -2.1620660564327231e+04
    9.8275418136155742e+04 2.7401152670735107e-01
    -9.4116613462958201e-02 1.7396088560565882e-02
    -2.7052618963867779e+04 -2.1254265639325436e+04
    1.0059426552852363e+05 1.5048438228598038e-01
    -1.0420862031545375e-01 3.9137901716685297e-02
    -2.6540225385026028e+04 -1.7337427383082912e+04
    1.0360283109004129e+05 5.7152839520624985e-02
    -8.8307708955961961e-02 2.3629228341912240e-02
    -3.0040315812105047e+04 -1.7897343890112807e+04
    1.0176138979964660e+05 -4.2670048264759501e-02
    -8.3404351284267486e-02 2.2610135412970807e-02
    -3.2936655639471413e+04 -1.1509865502904933e+04
    9.9110889325396958e+04 -2.9481179861238362e-02
    -7.4033560433466983e-02 2.2104584131719503e-02
    -3.2101365801342356e+04 -2.0904802984728685e+04
    9.4733666705122843e+04 -6.9421284658910218e-02
    -8.0193170606201208e-02 3.6313542758261194e-02
    -3.2574009084573336e+04 -2.0650846172701182e+04
    9.3279237941767424e+04 -5.7901147689574946e-02
    -8.0393906716714342e-02 3.8445030705584117e-02
    -3.3124414278870230e+04 -2.2892137538191851e+04
    9.1551169446280895e+04 -4.4736092537238287e-02
    -1.8127242552831502e-01 4.8550146545945673e-02
    -4.1046732029255247e+04 -2.3711438941575077e+04
    8.6473444356391046e+04 -2.3190220585359966e-02
    -2.0066145280523218e-01 4.1050743047724721e-02
    -3.6105714227312455e+04 -2.4005133195265906e+04
    8.5701637053522325e+04 -1.7340522146899545e-02
    -1.9434156129902608e-01 3.6539797588826944e-02
    -3.4239926701765849e+04 -2.3331910981546695e+04
    8.6848863763575981e+04 3.5269323246565044e-02
    -6.6603916309833686e-02 7.8245185233939141e-03
    -1.4060287945661910e+04 -2.4605656460940936e+04
    1.0148408158851373e+05 6.7153040479065104e-02
    -2.5062575311125688e-02 4.3866411977326165e-02
    9.8344788681954100e+01 -2.9918024708786477e+04
    1.2182587760056538e+05 2.6004287293230212e-02 3.7382233646409864e-02
    7.8457612164382295e-02 1.3900357810971664e+04
    -2.5594521992303762e+04 1.3394843849922024e+05
    5.9839528900690525e-02 5.6536145118914069e-02 7.2214504766154763e-02
    2.0191932925673958e+04 -2.6841731659863126e+04
    1.3417427403521459e+05 5.2161742912495708e-02 4.1563015887433608e-02
    7.2655284611899587e-02 1.7920528048340522e+04
    -2.4833318558598901e+04 1.3440863696013542e+05
    -2.5283110258430806e-02 1.5967303090819764e-02
    4.0638501081192289e-02 7.8426081247244165e+03
    -1.1314856649551550e+04 1.3482200194314841e+05
    -3.3407863900461403e-02 3.5351071445144336e-02
    4.2954475379961325e-02 -1.5588193788167528e+03
    -1.6889190349639608e+04 1.3403600818196588e+05
    -7.0753566055217029e-02 7.8334347938526627e-03
    4.2872844388099005e-02 -6.0411278267687403e+03
    -1.2087502116167489e+04 1.3319780905299267e+05
    -6.0802687672641811e-02 1.4511243444562486e-02
    4.1958011524173118e-02 -7.4749278611671753e+03
    -1.2224002620364436e+04 1.3404252186331461e+05
    2.4592665188244045e-02 -9.4668961796387299e-03
    3.5337288056320922e-02 -1.7746839414751710e+04
    -1.9626053844210601e+04 1.3287028280854467e+05
    4.4792810573752666e-02 -3.0728748230249008e-02
    2.3938351471885951e-02 -3.0154590131752415e+04
    -2.3215087091413516e+04 1.2991373828197971e+05
    2.3406499338564268e-02 -2.7398829995613487e-02
    2.4905738871071996e-02 -3.0808223599836212e+04
    -1.9442834204832783e+04 1.3150959039075929e+05
    1.0696841477573678e-01 -2.8901452254700439e-02
    2.1516675441666525e-02 -3.0201638602494597e+04
