<?xml version="1.0"?>
<opencv_storage>
<calibration_time>"Sat 27 Oct 2018 10:28:02 PM EDT"</calibration_time>
<nr_of_frames>70</nr_of_frames>
<image_width>1280</image_width>
<image_height>720</image_height>
<board_width>11</board_width>
<board_height>9</board_height>
<square_size>50.</square_size>
<fix_aspect_ratio>1.</fix_aspect_ratio>
<!-- flags: +fix_aspectRatio +fix_k1 +fix_k2 +fix_k3 +fix_k4 +fix_k5 -->
<flags>6370</flags>
<fisheye_model>0</fisheye_model>
<camera_matrix type_id="opencv-matrix">
  <rows>3</rows>
  <cols>3</cols>
  <dt>d</dt>
  <data>
    1.0018398339927458e+03 0. 6.3186424854885377e+02 0.
    1.0018398339927458e+03 3.6071930154080377e+02 0. 0. 1.</data></camera_matrix>
<distortion_coefficients type_id="opencv-matrix">
  <rows>5</rows>
  <cols>1</cols>
  <dt>d</dt>
  <data>
    0. 0. -1.7046362961008412e-03 -2.0137343289474059e-03 0.</data></distortion_coefficients>
<avg_reprojection_error>8.9985496472949056e-01</avg_reprojection_error>
<per_view_reprojection_errors type_id="opencv-matrix">
  <rows>70</rows>
  <cols>1</cols>
  <dt>f</dt>
  <data>
    5.87583482e-01 7.02398658e-01 5.30954540e-01 2.50787807e+00
    6.99306786e-01 9.52287018e-01 4.62923616e-01 5.13064563e-01
    1.40105772e+00 9.26455736e-01 5.06200194e-01 5.64323068e-01
    5.38555086e-01 6.20591283e-01 6.35658026e-01 7.29766786e-01
    7.07137167e-01 9.94575858e-01 7.54211962e-01 8.94549370e-01
    8.81035686e-01 5.92067182e-01 5.80168009e-01 1.41478789e+00
    1.65217364e+00 8.59780788e-01 7.66612470e-01 7.46675730e-01
    6.62689984e-01 6.29721642e-01 5.47476947e-01 3.87605041e-01
    5.83153248e-01 9.87214565e-01 5.35897851e-01 4.32760328e-01
    1.65020955e+00 9.87651110e-01 5.09787142e-01 3.19368124e-01
    6.91315234e-01 6.33202314e-01 5.24981558e-01 5.44872224e-01
    9.34271574e-01 1.02394569e+00 5.53786278e-01 5.49478114e-01
    6.91237211e-01 4.71407980e-01 4.45850968e-01 1.21550357e+00
    4.26285177e-01 3.73195291e-01 8.07573795e-01 5.19905627e-01
    2.61794508e-01 6.08508348e-01 9.75038648e-01 6.63830757e-01
    5.17218351e-01 6.34995580e-01 1.08572841e+00 3.46497416e+00
    2.62911350e-01 4.16487455e-01 7.65573919e-01 3.07490706e-01
    1.94773629e-01 2.64312595e-01</data></per_view_reprojection_errors>
<!-- a set of 6-tuples (rotation vector + translation vector) for each view -->
<extrinsic_parameters type_id="opencv-matrix">
  <rows>70</rows>
  <cols>6</cols>
  <dt>d</dt>
  <data>
    6.9508089293545183e-02 -1.8807889125451693e-01
    6.9035859415265244e-02 -3.5367284946613489e+02
    -2.6333309582875228e+02 8.9742782201320983e+02
    4.9702929836670635e-02 -1.9756287488655574e-01
    4.7374571993831487e-02 -3.4110158671526705e+02
    -2.1764926145191629e+02 7.9797187492459432e+02
    4.5167396881808083e-02 -1.9822994071841421e-01
    4.7923927033691575e-02 -3.3756131475947427e+02
    -2.1130671723945190e+02 8.0240158545909549e+02
    6.5786363864571470e-02 -1.1243420591806606e-01
    3.7147954111617192e-02 -2.5976828114063034e+02
    -2.3227861131337434e+02 8.3319134818289933e+02
    9.1483325686523037e-02 -3.6384567101553925e-02
    3.0369320474809097e-02 -1.9377809227941503e+02
    -2.2792842327024721e+02 8.5666923671403572e+02
    7.3941324683475917e-02 2.9597481227161233e-02 3.2503166878446864e-02
    -1.3728898693357596e+02 -2.1251610577617015e+02
    9.0893331812285771e+02 8.4527849411638253e-02 7.7732504538919556e-02
    3.6904133091033173e-02 -6.0550741568611976e+01
    -2.2611772508045124e+02 9.3938476661495577e+02
    8.9565203259204848e-02 6.9093501025047327e-02 4.6346922635480792e-02
    -6.5576632204883381e+01 -2.1541812685661614e+02
    9.4572603200318554e+02 1.5188550956654623e-01 1.5692854584068400e-02
    3.6962483317844519e-02 -1.2869331286318851e+02
    -2.3764390451447048e+02 1.0151271334669950e+03
    1.8457441258659371e-01 -4.6942342757738169e-02
    1.6313725509033622e-02 -2.2836651578952626e+02
    -2.2990013786552097e+02 1.0858315422301350e+03
    1.9926505376664752e-01 -9.2788513490983687e-02
    1.8110919932535597e-02 -2.7274175639670756e+02
    -2.3214991400673225e+02 1.0561720109736561e+03
    2.8637488237969544e-01 -8.1878204868786900e-02
    1.7431704543104519e-02 -2.6203438319600212e+02
    -2.6682900264386006e+02 9.7508046624216411e+02
    2.9583137404113263e-01 -9.8845941183870537e-02
    1.8911167285662397e-03 -2.7462615058987717e+02
    -2.3015693294821125e+02 9.0893727228269972e+02
    2.9500843128032833e-01 -9.8489009022418333e-02
    9.9482319527272110e-04 -2.7075835408441793e+02
    -2.1488654050051642e+02 9.0105625969498033e+02
    2.6948701701342531e-01 -8.9004178916894813e-02
    1.6794957320044580e-02 -2.6440663957164134e+02
    -2.1124850877631908e+02 9.2324432354935379e+02
    1.4033443255931027e-01 -9.6755283996127581e-02
    3.8684593072385282e-02 -2.5933607262617733e+02
    -1.7231463287990204e+02 9.5441359846382022e+02
    5.0554198291835530e-02 -8.8728602135007800e-02
    2.3552743060474703e-02 -2.9405590842272318e+02
    -1.7772452177609514e+02 9.3551183111448199e+02
    -5.5620597945920405e-02 -8.6576043188660967e-02
    2.2501788975312884e-02 -3.2324607134916539e+02
    -1.1396122735564263e+02 9.1214579773268713e+02
    -2.6136862462067839e-02 -7.8975051939033244e-02
    2.2298760915447583e-02 -3.1492343974931413e+02
    -2.0783725646816359e+02 8.6838322838201873e+02
    -6.4809547060111924e-02 -8.5508076496788016e-02
    3.6581433281138338e-02 -3.1974697052218710e+02
    -2.0541623451769939e+02 8.5509247443286677e+02
    -5.0325694998502923e-02 -8.6871740315272047e-02
    3.8731835073107811e-02 -3.2525981681089218e+02
    -2.2781173589658431e+02 8.3796920475637705e+02
    -3.8295421307248202e-02 -1.7967554560949803e-01
    4.9095150097888250e-02 -4.0478118261797829e+02
    -2.3598705307388045e+02 7.9128955263190733e+02
    -1.7589317945893090e-02 -1.9947543951898070e-01
    4.1454330316450086e-02 -3.5530500895765209e+02
    -2.3885335964869228e+02 7.8349515352808828e+02
    -1.1192536842393646e-02 -1.9251277858247065e-01
    3.6989877742095625e-02 -3.3660568267645590e+02
    -2.3207200282951078e+02 7.9417965364778854e+02
    4.7022288103862664e-02 -3.3695476114373381e-02
    7.6281981945898487e-03 -1.3506957894180442e+02
    -2.4451624286373624e+02 9.3727491304871296e+02
    7.9134750984487023e-02 1.6339278371601523e-02 4.3335932111366195e-02
    7.6855782637590542e+00 -2.9747738937928688e+02
    1.1237270759283422e+03 2.9668274010620915e-02 7.2670296878949811e-02
    7.8133932878535872e-02 1.4672084493559717e+02
    -2.5418023851113389e+02 1.2326655704713869e+03
    5.8103537001651592e-02 7.7953101510609510e-02 7.1948785390295547e-02
    2.0943329790803384e+02 -2.6668377180100720e+02
    1.2297806219740444e+03 5.2442213670909704e-02 7.0201464173061098e-02
    7.2149903916886762e-02 1.8677486953297412e+02
    -2.4658588253335986e+02 1.2341518879233031e+03
    -3.0467632562186910e-02 5.7833880809765557e-02
    4.0153118197586955e-02 8.6459833352347687e+01
    -1.1120760869441501e+02 1.2469690439098181e+03
    -3.9650441333231985e-02 7.9615767629855394e-02
    4.3171982373809793e-02 -7.3061749411863115e+00
    -1.6703615986725438e+02 1.2444696720137079e+03
    -8.1729595971710950e-02 4.8832062023620899e-02
    4.3027135682902812e-02 -5.2265940987590753e+01
    -1.1875801993828699e+02 1.2383525630013858e+03
    -7.2780892770682643e-02 5.1501272419028701e-02
    4.2123750409569428e-02 -6.6580777544922370e+01
    -1.2021073508801824e+02 1.2455548070087580e+03
    1.7783362329113851e-02 1.4695084210805518e-02 3.5251568428889345e-02
    -1.6975635898874049e+02 -1.9462959283315737e+02
    1.2325141342627160e+03 4.8927858179161419e-02
    -3.4468289551645111e-02 2.3974054865766019e-02
    -2.9355416535014751e+02 -2.3028387442991152e+02
    1.1956660511038724e+03 2.0610627551783844e-02
    -3.4235745299051649e-02 2.4920002255166589e-02
    -2.9999569847849017e+02 -1.9268955740547241e+02
    1.2117369159166360e+03 1.0568954403894848e-01
    -3.0907071687936827e-02 2.1385822048461040e-02
